lte_col = [155 187 89]./255;
ste_col = [192 80 77]./255;
